# 100 numbers
ARG="371 -610 446 628 -523 433 213 879 193 100 -194 880 -373 128 823 518 -806 -669 894 -284 -478 843 -286 -122 458 -247 -278 856 -291 -932 941 -537 181 408 -761 -555 164 881 -661 91 -447 543 313 979 626 -214 724 -601 -660 740 -612 -134 762 -326 77 -297 914 -293 699 126 -59 -104 513 166 -889 -899 473 -95 -973 -22 -813 -54 581 -557 -544 -930 23 394 -722 92 -483 299 -940 176 -959 -515 -18 -446 -810 -680 970 363 -28 -982 -409 348 -974 -781 8 -282"; ./push_swap $ARG | wc -l
    KO

ARG="233 -512 -31 -71 -419 789 651 635 317 322 936 271 151 -195 -196 425 -298 862 -462 -389 -758 320 30 -312 -213 919 705 -47 -580 -447 681 85 766 313 9 -99 -581 956 -32 945 450 573 -268 -314 466 -159 -430 -853 653 -477 215 -525 961 -324 551 352 523 712 401 770 -707 -953 -377 110 -293 422 575 793 -127 -317 -346 353 -519 -710 -115 200 -459 -879 -484 71 920 671 -635 812 176 -208 -501 -852 476 -551 715 -396 -611 267 -656 179 -386 538 -476 -284"; ./push_swap $ARG | wc -l
    851 OK


ARG="205 -134 286 197 -60 -5 -558 -723 -779 991 383 -790 255 -575 -619 387 -389 -132 -976 776 853 -615 -733 319 -700 -755 -337 889 -434 -311 -325 696 -162 825 -309 614 -295 932 -513 -288 499 -199 363 983 -193 607 703 -483 -164 362 -176 -525 -826 868 -361 -6 993 310 426 940 450 925 931 -433 -866 -266 462 235 -846 808 332 -230 936 846 935 -918 -965 -145 63 299 -203 -740 -469 -841 182 -818 897 -302 -685 -364 922 -267 -485 -447 -591 -282 -893 884 211 183"; ./push_swap $ARG | wc -l
    KO

ARG="794 -149 784 644 -589 -643 681 -375 -145 21 -662 -991 87 488 450 296 -74 -605 -778 -498 339 125 225 978 -290 101 -595 53 -65 -212 831 -635 107 333 -150 121 -57 902 -89 898 -271 -160 -321 690 86 -724 -832 -723 -864 513 -280 315 -452 -438 -951 732 -443 -351 973 683 860 294 -461 201 -726 550 -196 356 467 56 114 421 981 934 -49 -788 -169 -235 756 302 422 653 964 -168 -475 950 659 72 903 797 -997 -485 -534 -411 -642 911 -687 50 122 763"; ./push_swap $ARG | wc -l
    792 OK


ARG="-307 951 188 -402 882 -79 171 -266 791 -640 -145 332 900 322 -448 -479 651 178 563 30 -666 -232 -580 -831 3 986 -78 846 636 -676 242 41 -301 -565 -376 -998 436 -21 -919 750 -636 -406 -517 837 656 78 -368 -883 169 -24 -19 -181 1 646 -412 -951 893 624 -766 561 370 788 -852 400 -208 970 -556 541 216 -218 -526 520 -786 -554 810 172 -16 -630 -219 587 -143 -672 206 -962 -505 -454 -120 -548 -481 767 -922 482 -502 988 781 107 -85 821 -541 -49"; ./push_swap $ARG | wc -l
    KO



# 500 numbers
ARG="-502 -569 930 325 963 -628 484 825 -409 -6 -999 -355 68 397 -658 -650 420 -806 -965 473 -901 833 -972 903 -472 -989 127 74 919 -186 158 -815 47 633 905 -173 455 -437 -992 -148 -223 283 -93 96 -722 -597 -256 463 320 -329 -617 -161 396 414 784 304 -61 694 254 293 -514 -144 -226 -982 -701 22 810 517 -755 664 674 178 511 636 898 650 588 743 670 252 -769 938 -778 -495 -692 -241 -272 151 -996 -525 760 -765 807 405 -274 187 -763 -36 -975 884 549 -430 285 -611 628 -572 -749 770 -829 309 -216 969 451 54 808 344 -562 801 -848 -44 -796 701 520 -504 134 -11 -670 501 -621 -899 488 166 891 -107 -716 177 -234 -842 552 876 -528 411 -747 848 -981 -150 -193 -90 238 -571 -934 -261 -310 -252 -851 -179 -781 821 282 745 -563 259 62 778 960 -878 892 923 -987 530 203 -678 -40 -387 468 78 -993 -555 912 -63 -952 -133 -436 171 768 -542 731 467 -474 696 528 779 359 -793 -356 -205 769 -25 -410 514 902 799 111 719 -171 -552 -434 720 835 -286 -112 119 986 196 379 -494 -305 616 -964 -411 137 578 584 300 519 599 -224 922 81 -400 577 -639 -546 794 191 803 -953 138 -585 279 -613 -139 117 490 -635 -250 916 -260 -333 -370 -874 -538 -786 -858 -479 -413 495 -800 -449 -885 358 -930 -382 618 95 -65 -623 -892 867 -228 250 439 -838 91 -343 -182 -440 -438 805 -482 -780 181 413 710 -900 445 271 483 -726 -661 307 236 332 232 508 -211 270 -959 438 -700 36 -936 -631 471 551 -473 323 -452 -777 -674 -324 -933 461 -17 -841 -912 -725 788 691 729 83 -230 460 16 98 556 -439 -578 790 239 427 921 477 -264 -354 297 -835 -739 288 155 -843 -943 354 693 656 -547 15 585 -785 -340 -379 -831 -776 -646 -532 380 -589 -195 58 298 -467 687 -803 180 522 874 -60 -685 190 114 -974 -849 237 -518 -845 -816 -123 547 226 554 -977 915 -124 422 954 11 765 -931 564 7 107 -55 -246 820 -353 -561 85 936 -590 -77 672 503 -955 749 -476 79 -962 368 278 -889 971 -951 -666 67 90 346 811 446 398 878 185 -712 847 -694 698 941 -762 -4 -132 -203 725 193 -645 -969 -921 353 -865 662 748 -764 49 724 -554 -895 -337 -534 133 -62 -198 -689 730 -314 -285 997 837 -113 976 330 -493 -358 386 713 561 -121 509 -521 70 -653 329 88 370 -520 -911 -894 721 953 -698 631 -967 771 -758 638 -426 364 -489 -110 -748 -517 -388 773 -327 6 424 -968 -690 -64 -920 -18 -74 -167"; ./push_swap $ARG | wc -l
    19849 OK

ARG="233 -512 -31 -71 -419 789 651 635 317 322 936 271 151 -195 -196 425 -298 862 -462 -389 -758 320 30 -312 -213 919 705 -47 -580 -447 681 85 766 313 9 -99 -581 956 -32 945 450 573 -268 -314 466 -159 -430 -853 653 -477 215 -525 961 -324 551 352 523 712 401 770 -707 -953 -377 110 -293 422 575 793 -127 -317 -346 353 -519 -710 -115 200 -459 -879 -484 71 920 671 -635 812 176 -208 -501 -852 476 -551 715 -396 -611 267 -656 179 -386 538 -476 -284"; ./push_swap $ARG | wc -l


ARG="205 -134 286 197 -60 -5 -558 -723 -779 991 383 -790 255 -575 -619 387 -389 -132 -976 776 853 -615 -733 319 -700 -755 -337 889 -434 -311 -325 696 -162 825 -309 614 -295 932 -513 -288 499 -199 363 983 -193 607 703 -483 -164 362 -176 -525 -826 868 -361 -6 993 310 426 940 450 925 931 -433 -866 -266 462 235 -846 808 332 -230 936 846 935 -918 -965 -145 63 299 -203 -740 -469 -841 182 -818 897 -302 -685 -364 922 -267 -485 -447 -591 -282 -893 884 211 183"; ./push_swap $ARG | wc -l


ARG="794 -149 784 644 -589 -643 681 -375 -145 21 -662 -991 87 488 450 296 -74 -605 -778 -498 339 125 225 978 -290 101 -595 53 -65 -212 831 -635 107 333 -150 121 -57 902 -89 898 -271 -160 -321 690 86 -724 -832 -723 -864 513 -280 315 -452 -438 -951 732 -443 -351 973 683 860 294 -461 201 -726 550 -196 356 467 56 114 421 981 934 -49 -788 -169 -235 756 302 422 653 964 -168 -475 950 659 72 903 797 -997 -485 -534 -411 -642 911 -687 50 122 763"; ./push_swap $ARG | wc -l



ARG="-307 951 188 -402 882 -79 171 -266 791 -640 -145 332 900 322 -448 -479 651 178 563 30 -666 -232 -580 -831 3 986 -78 846 636 -676 242 41 -301 -565 -376 -998 436 -21 -919 750 -636 -406 -517 837 656 78 -368 -883 169 -24 -19 -181 1 646 -412 -951 893 624 -766 561 370 788 -852 400 -208 970 -556 541 216 -218 -526 520 -786 -554 810 172 -16 -630 -219 587 -143 -672 206 -962 -505 -454 -120 -548 -481 767 -922 482 -502 988 781 107 -85 821 -541 -49"; ./push_swap $ARG | wc -l





ARG="-673 -693 -290 -377 244 139 747 -466 -434 95 711 749 943 715 97"; ./push_swap $ARG | wc -l
ra is better

ARG="-707 -60 -809 -849 -654 893 -560 -584 -329 -842 -78 -9 848 258 -752"; ./push_swap $ARG | wc -l
ra is better

ARG="-945 -441 -494 -978 208 419 640 343 176 120 -167 203 316 882 -467"; ./push_swap $ARG | wc -l
ra is better

ARG="-786 25 -564 191 -166 379 -768 673 830 -442 -122 907 769 354 846"; ./push_swap $ARG | wc -l
ra is better

ARG="-695 211 -429 -139 973 -857 98 906 731 678 334 -861 -737 -311 530"; ./push_swap $ARG | wc -l
ra is better